
134
(
2972
2977
2979
2980
2981
3624
3628
3629
3630
5337
5338
5339
5340
5341
5342
7278
7279
7280
7281
12040
12045
12047
12048
12049
12692
12696
12697
12698
14405
14406
14407
14408
14409
14410
16346
16347
16348
16349
21108
21113
21115
21116
21117
21760
21764
21765
21766
23473
23474
23475
23476
23477
23478
25414
25415
25416
25417
30176
30181
30183
30184
30185
30828
30832
30833
30834
32541
32542
32543
32544
32545
32546
34482
34483
34484
34485
39244
39249
39251
39252
39253
39896
39900
39901
39902
41609
41610
41611
41612
41613
41614
43550
43551
43552
43553
48312
48317
48319
48320
48321
48964
48968
48969
48970
50677
50678
50679
50680
50681
50682
52618
52619
52620
52621
56911
61442
61447
61449
61450
61451
62094
62098
62099
62100
63807
63808
63809
63810
63811
63812
65748
65749
65750
65751
)
